0.000000000000000e+00
4.018644476309418e-02
4.096269747242332e-02
4.112207354046404e-02
4.269300610758364e-02
4.231830057688057e-02
4.229579633101820e-02
4.040320287458598e-02
4.094134946353734e-02
4.164226213470101e-02
4.076443612575530e-02
4.006033926270901e-02
4.374627745710313e-02
4.011199157685040e-02
4.229020280763506e-02
4.199085244908928e-02
4.229391668923198e-02
4.178083501756191e-02
4.143525636754930e-02
4.063063953071832e-02
4.262742144055664e-02
4.180435929447411e-02
4.222400370053946e-02
4.018817003816365e-02
4.200543253682553e-02
4.323196690529584e-02
4.214174137450754e-02
4.034431348554789e-02
4.028361104428767e-02
4.244718770496547e-02
4.079119907692074e-02
4.138393700122833e-02
4.140534251928330e-02
4.203692637383938e-02
4.175911773927509e-02
4.078620485961436e-02
4.271350661292672e-02
4.222038364969193e-02
4.124857555143534e-02
4.120468697510659e-02
4.259961121715604e-02
4.214414767920970e-02
4.188335267826914e-02
4.189224541187286e-02
4.157384135760366e-02
4.154070094227790e-02
4.139420390129089e-02
4.224898386746644e-02
4.037540475837886e-02
3.983382578007875e-02
4.180163214914499e-02
4.292898136191070e-02
4.215162689797580e-02
4.158167168498039e-02
4.155348008498549e-02
4.142056428827345e-02
3.959247190505265e-02
4.134918935596942e-02
4.251872911117970e-02
3.997668763622640e-02
4.148574639111756e-02
4.101668042130767e-02
4.213459813036024e-02
4.234672221355139e-02
4.151217034086584e-02
4.178509977646172e-02
4.130827309563755e-02
4.150789044797419e-02
4.085410502739251e-02
4.200780857354403e-02
4.007415962405502e-02
4.119633906520902e-02
4.201029660180210e-02
4.124291241168976e-02
4.306465154513716e-02
4.115423932671546e-02
4.218047834001481e-02
4.031885205768048e-02
4.261508421041071e-02
4.123180708847939e-02
4.105708515271544e-02
4.071475123055278e-02
4.250833508558571e-02
4.194266581907868e-02
4.114757734350859e-02
4.179193731397390e-02
4.171312251128256e-02
4.170043719932436e-02
4.041635431349277e-02
4.326939932070672e-02
4.249354312196373e-02
4.114996548742055e-02
4.185170447453855e-02
4.091624519787729e-02
4.078885028138757e-02
4.152482841163873e-02
4.137785010971128e-02
4.318459448404610e-02
4.110291996039449e-02
4.271504422649740e-02
4.164514364674687e-02
0.000000000000000e+00
0.000000000000000e+00
0.000000000000000e+00
0.000000000000000e+00
0.000000000000000e+00
0.000000000000000e+00
0.000000000000000e+00
0.000000000000000e+00
0.000000000000000e+00
0.000000000000000e+00
0.000000000000000e+00
0.000000000000000e+00
0.000000000000000e+00
0.000000000000000e+00
0.000000000000000e+00
0.000000000000000e+00
0.000000000000000e+00
0.000000000000000e+00
0.000000000000000e+00
0.000000000000000e+00
0.000000000000000e+00
0.000000000000000e+00
0.000000000000000e+00
0.000000000000000e+00
0.000000000000000e+00
6.425314815714954e-02
6.433021044358608e-02
6.421784358099102e-02
6.439032871276139e-02
6.451752083376049e-02
6.442689849063751e-02
6.431369623169302e-02
6.474545085802674e-02
6.484098266810179e-02
6.442558486014605e-02
6.419636541977522e-02
6.459747673943637e-02
6.442138971760868e-02
6.447455240413545e-02
6.418248452246189e-02
6.439446937292813e-02
6.476320000365375e-02
6.412331666797397e-02
6.419105641543862e-02
6.382494699209929e-02
6.459570908918975e-02
6.462573492899536e-02
6.493222247809169e-02
6.453250348567961e-02
6.433876417577264e-02
