0.000000000000000e+00
1.246260133545191e-02
1.237805970109322e-02
1.262669466041110e-02
1.285173279327381e-02
1.261115931573366e-02
1.264715358901086e-02
1.257185067707503e-02
1.244345130130101e-02
1.259491206519161e-02
1.255215324789256e-02
1.239985938212242e-02
1.252355677582270e-02
1.251464684688185e-02
1.273373239693719e-02
1.276168802224726e-02
1.281618929024410e-02
1.278374996693563e-02
1.283235364794088e-02
1.272614462225440e-02
1.293206677037924e-02
1.277307412093103e-02
1.276532361555481e-02
1.275296936726955e-02
1.258462947803383e-02
1.254674014025352e-02
1.272946997905038e-02
1.250911857543465e-02
1.255156079436891e-02
1.250223875152568e-02
1.280812422295614e-02
1.257079079900465e-02
1.272735369362631e-02
1.261875596564215e-02
1.275896415530586e-02
1.269432581812380e-02
1.276746799248518e-02
1.260511204954960e-02
1.276099887085223e-02
1.271252884768863e-02
1.252899149961886e-02
1.289356356368248e-02
1.261836003381089e-02
1.269273313904779e-02
1.279354875456743e-02
1.269055605069071e-02
1.247044192645542e-02
1.263702647797778e-02
1.259714401703320e-02
1.240021088139213e-02
1.274147128717161e-02
1.447324156278788e-02
1.495848369537689e-02
1.493719463987436e-02
1.477365717050876e-02
1.486128700280399e-02
1.492842030624596e-02
1.468171776591872e-02
1.483387340340283e-02
1.475065456630065e-02
1.471028246072349e-02
1.471696482803602e-02
1.483913609135806e-02
1.478318655729605e-02
1.476554046515299e-02
1.484554051795505e-02
1.469137441937093e-02
1.471395581453078e-02
1.472723784532513e-02
1.501435883874282e-02
1.487690160782468e-02
1.475786161114247e-02
1.477078111974075e-02
1.487000920175152e-02
1.492558257995600e-02
1.483330904261611e-02
1.065241661960197e-02
1.054210397595007e-02
1.060596236379727e-02
1.066051801467812e-02
1.052757005839200e-02
1.057172851895109e-02
1.042236028058510e-02
1.066432057537469e-02
1.058968323053392e-02
1.065553192148261e-02
1.050399133889111e-02
1.062306718554988e-02
1.060655019577205e-02
1.051407693558242e-02
1.059906860493693e-02
1.063309544240847e-02
1.047241254615801e-02
1.072887438348874e-02
1.043255297209314e-02
1.049607135209739e-02
1.056160853043228e-02
1.060127300690741e-02
1.045446577430017e-02
1.064014771551993e-02
1.062974423005739e-02
0.000000000000000e+00
0.000000000000000e+00
0.000000000000000e+00
0.000000000000000e+00
0.000000000000000e+00
0.000000000000000e+00
0.000000000000000e+00
0.000000000000000e+00
0.000000000000000e+00
0.000000000000000e+00
0.000000000000000e+00
0.000000000000000e+00
0.000000000000000e+00
0.000000000000000e+00
0.000000000000000e+00
0.000000000000000e+00
0.000000000000000e+00
0.000000000000000e+00
0.000000000000000e+00
0.000000000000000e+00
0.000000000000000e+00
0.000000000000000e+00
0.000000000000000e+00
0.000000000000000e+00
0.000000000000000e+00
1.954624703836787e-02
1.945551978076214e-02
1.956547381143197e-02
1.949225510100704e-02
1.954728640778189e-02
1.955968209194017e-02
1.957088568898964e-02
1.951843718061518e-02
1.955102162942311e-02
1.956430823859131e-02
1.958683900396062e-02
1.953730182970111e-02
1.955984917598780e-02
1.954783408725315e-02
1.951821525855335e-02
1.951544149607425e-02
1.956231388579481e-02
1.952359243832818e-02
1.951980252974090e-02
1.954511960960751e-02
1.952039281355309e-02
1.952255168559013e-02
1.953819572436245e-02
1.955132315877363e-02
1.950899716687304e-02
