1.000000000379998e-01
8.000000002400002e-04
8.000000002400000e-04
8.000000002400004e-04
8.000000002400004e-04
8.000000002400007e-04
8.000000002400002e-04
8.000000002400002e-04
8.000000002400000e-04
8.000000002400000e-04
8.000000002400002e-04
8.000000002399997e-04
8.000000002400002e-04
8.000000002399997e-04
8.000000002400000e-04
8.000000002400000e-04
8.000000002400002e-04
8.000000002399997e-04
8.000000002399997e-04
8.000000002400004e-04
8.000000002400000e-04
8.000000002400000e-04
8.000000002400002e-04
8.000000002400002e-04
8.000000002400004e-04
8.000000002400000e-04
8.000000002400002e-04
8.000000002400000e-04
8.000000002400004e-04
8.000000002400004e-04
8.000000002400007e-04
8.000000002400002e-04
8.000000002400002e-04
8.000000002400000e-04
8.000000002400000e-04
8.000000002400002e-04
8.000000002399997e-04
8.000000002400002e-04
8.000000002399997e-04
8.000000002400000e-04
8.000000002400000e-04
8.000000002400002e-04
8.000000002399997e-04
8.000000002399997e-04
8.000000002400004e-04
8.000000002400000e-04
8.000000002400000e-04
8.000000002400002e-04
8.000000002400002e-04
8.000000002400004e-04
8.000000002400000e-04
8.000000004800002e-04
8.000000004800000e-04
8.000000004800004e-04
8.000000004800004e-04
8.000000004800006e-04
8.000000004800002e-04
8.000000004800002e-04
8.000000004800000e-04
8.000000004800000e-04
8.000000004800002e-04
8.000000004799997e-04
8.000000004800002e-04
8.000000004799997e-04
8.000000004800000e-04
8.000000004800000e-04
8.000000004800002e-04
8.000000004799997e-04
8.000000004799997e-04
8.000000004800004e-04
8.000000004800000e-04
8.000000004800000e-04
8.000000004800002e-04
8.000000004800002e-04
8.000000004800004e-04
8.000000004800000e-04
8.000000002400002e-04
8.000000002400000e-04
8.000000002400004e-04
8.000000002400004e-04
8.000000002400007e-04
8.000000002400002e-04
8.000000002400002e-04
8.000000002400000e-04
8.000000002400000e-04
8.000000002400002e-04
8.000000002399997e-04
8.000000002400002e-04
8.000000002399997e-04
8.000000002400000e-04
8.000000002400000e-04
8.000000002400002e-04
8.000000002399997e-04
8.000000002399997e-04
8.000000002400004e-04
8.000000002400000e-04
8.000000002400000e-04
8.000000002400002e-04
8.000000002400002e-04
8.000000002400004e-04
8.000000002400000e-04
4.000000001600002e-04
4.000000001600000e-04
4.000000001600002e-04
4.000000001600002e-04
4.000000001600003e-04
4.000000001600002e-04
4.000000001600002e-04
4.000000001600000e-04
4.000000001600000e-04
4.000000001600002e-04
4.000000001599999e-04
4.000000001600002e-04
4.000000001599999e-04
4.000000001600000e-04
4.000000001600000e-04
4.000000001600002e-04
4.000000001599999e-04
4.000000001599999e-04
4.000000001600002e-04
4.000000001600000e-04
4.000000001600000e-04
4.000000001600002e-04
4.000000001600002e-04
4.000000001600002e-04
4.000000001600000e-04
4.000000001600002e-04
4.000000001600000e-04
4.000000001600002e-04
4.000000001600002e-04
4.000000001600003e-04
4.000000001600002e-04
4.000000001600002e-04
4.000000001600000e-04
4.000000001600000e-04
4.000000001600002e-04
4.000000001599999e-04
4.000000001600002e-04
4.000000001599999e-04
4.000000001600000e-04
4.000000001600000e-04
4.000000001600002e-04
4.000000001599999e-04
4.000000001599999e-04
4.000000001600002e-04
4.000000001600000e-04
4.000000001600000e-04
4.000000001600002e-04
4.000000001600002e-04
4.000000001600002e-04
4.000000001600000e-04