1.000000015221161e-01
1.005309604610015e-02
7.199999841947461e-03
8.000000121609292e-04
8.000000121609290e-04
8.000000121609294e-04
8.000000121609294e-04
8.000000121609296e-04
8.000000121609292e-04
8.000000121609292e-04
8.000000121609290e-04
8.000000121609290e-04
8.000000121609292e-04
8.000000121609287e-04
8.000000121609292e-04
8.000000121609287e-04
8.000000121609290e-04
8.000000121609290e-04
8.000000121609292e-04
8.000000121609287e-04
8.000000121609287e-04
8.000000121609294e-04
8.000000121609290e-04
8.000000121609290e-04
8.000000121609292e-04
8.000000121609292e-04
8.000000121609294e-04
8.000000121609290e-04
8.000000121609292e-04
8.000000121609290e-04
8.000000121609294e-04
8.000000121609294e-04
8.000000121609296e-04
8.000000121609292e-04
8.000000121609292e-04
8.000000121609290e-04
8.000000121609290e-04
8.000000121609292e-04
8.000000121609287e-04
8.000000121609292e-04
8.000000121609287e-04
8.000000121609290e-04
8.000000121609290e-04
8.000000121609292e-04
8.000000121609287e-04
8.000000121609287e-04
8.000000121609294e-04
8.000000121609290e-04
8.000000121609290e-04
8.000000121609292e-04
8.000000121609292e-04
8.000000121609294e-04
8.000000121609290e-04
8.000000121609292e-04
8.000000121609290e-04
8.000000121609294e-04
8.000000121609294e-04
8.000000121609296e-04
8.000000121609292e-04
8.000000121609292e-04
8.000000121609290e-04
8.000000121609290e-04
8.000000121609292e-04
8.000000121609287e-04
8.000000121609292e-04
8.000000121609287e-04
8.000000121609290e-04
8.000000121609290e-04
8.000000121609292e-04
8.000000121609287e-04
8.000000121609287e-04
8.000000121609294e-04
8.000000121609290e-04
8.000000121609290e-04
8.000000121609292e-04
8.000000121609292e-04
8.000000121609294e-04
8.000000121609290e-04
8.000000121609292e-04
8.000000121609290e-04
8.000000121609294e-04
8.000000121609294e-04
8.000000121609296e-04
8.000000121609292e-04
8.000000121609292e-04
8.000000121609290e-04
8.000000121609290e-04
8.000000121609292e-04
8.000000121609287e-04
8.000000121609292e-04
8.000000121609287e-04
8.000000121609290e-04
8.000000121609290e-04
8.000000121609292e-04
8.000000121609287e-04
8.000000121609287e-04
8.000000121609294e-04
8.000000121609290e-04
8.000000121609290e-04
8.000000121609292e-04
8.000000121609292e-04
8.000000121609294e-04
8.000000121609290e-04
4.000000001600000e-04
4.000000001599999e-04
4.000000001600001e-04
4.000000001600001e-04
4.000000001600002e-04
4.000000001600000e-04
4.000000001600000e-04
4.000000001599999e-04
4.000000001599999e-04
4.000000001600000e-04
4.000000001599997e-04
4.000000001600000e-04
4.000000001599997e-04
4.000000001599999e-04
4.000000001599999e-04
4.000000001600000e-04
4.000000001599997e-04
4.000000001599997e-04
4.000000001600001e-04
4.000000001599999e-04
4.000000001599999e-04
4.000000001600000e-04
4.000000001600000e-04
4.000000001600001e-04
4.000000001599999e-04
4.000000120809291e-04
4.000000120809290e-04
4.000000120809292e-04
4.000000120809292e-04
4.000000120809293e-04
4.000000120809291e-04
4.000000120809291e-04
4.000000120809290e-04
4.000000120809290e-04
4.000000120809291e-04
4.000000120809288e-04
4.000000120809291e-04
4.000000120809288e-04
4.000000120809290e-04
4.000000120809290e-04
4.000000120809291e-04
4.000000120809288e-04
4.000000120809288e-04
4.000000120809292e-04
4.000000120809290e-04
4.000000120809290e-04
4.000000120809291e-04
4.000000120809291e-04
4.000000120809292e-04
4.000000120809290e-04