0.000000000000000e+00
1.363408443481205e-01
1.363408443481205e-01
1.363408443481205e-01
1.363408443481205e-01
1.363408443481205e-01
1.363408443481205e-01
1.363408443481205e-01
1.363408443481205e-01
1.363408443481205e-01
1.363408443481205e-01
1.363408443481205e-01
1.363408443481205e-01
1.363408443481205e-01
1.363408443481205e-01
1.363408443481205e-01
1.363408443481205e-01
1.363408443481205e-01
1.363408443481205e-01
1.363408443481205e-01
1.363408443481205e-01
1.363408443481205e-01
1.363408443481205e-01
1.363408443481205e-01
1.363408443481205e-01
1.363408443481205e-01
1.363408443479546e-01
1.363408443479546e-01
1.363408443479546e-01
1.363408443479546e-01
1.363408443479546e-01
1.363408443479546e-01
1.363408443479546e-01
1.363408443479546e-01
1.363408443479546e-01
1.363408443479546e-01
1.363408443479546e-01
1.363408443479546e-01
1.363408443479546e-01
1.363408443479546e-01
1.363408443479546e-01
1.363408443479546e-01
1.363408443479546e-01
1.363408443479546e-01
1.363408443479546e-01
1.363408443479546e-01
1.363408443479546e-01
1.363408443479546e-01
1.363408443479546e-01
1.363408443479546e-01
1.363408443479546e-01
4.890406854529026e-01
4.890406854529026e-01
4.890406854529026e-01
4.890406854529026e-01
4.890406854529026e-01
4.890406854529026e-01
4.890406854529026e-01
4.890406854529026e-01
4.890406854529026e-01
4.890406854529026e-01
4.890406854529026e-01
4.890406854529026e-01
4.890406854529026e-01
4.890406854529026e-01
4.890406854529026e-01
4.890406854529026e-01
4.890406854529026e-01
4.890406854529026e-01
4.890406854529026e-01
4.890406854529026e-01
4.890406854529026e-01
4.890406854529026e-01
4.890406854529026e-01
4.890406854529026e-01
4.890406854529026e-01
0.000000000000000e+00
0.000000000000000e+00
0.000000000000000e+00
0.000000000000000e+00
0.000000000000000e+00
0.000000000000000e+00
0.000000000000000e+00
0.000000000000000e+00
0.000000000000000e+00
0.000000000000000e+00
0.000000000000000e+00
0.000000000000000e+00
0.000000000000000e+00
0.000000000000000e+00
0.000000000000000e+00
0.000000000000000e+00
0.000000000000000e+00
0.000000000000000e+00
0.000000000000000e+00
0.000000000000000e+00
0.000000000000000e+00
0.000000000000000e+00
0.000000000000000e+00
0.000000000000000e+00
0.000000000000000e+00
8.739819911765959e-02
8.739819911765959e-02
8.739819911765959e-02
8.739819911765959e-02
8.739819911765959e-02
8.739819911765959e-02
8.739819911765959e-02
8.739819911765959e-02
8.739819911765959e-02
8.739819911765959e-02
8.739819911765959e-02
8.739819911765959e-02
8.739819911765959e-02
8.739819911765959e-02
8.739819911765959e-02
8.739819911765959e-02
8.739819911765959e-02
8.739819911765959e-02
8.739819911765959e-02
8.739819911765959e-02
8.739819911765959e-02
8.739819911765959e-02
8.739819911765959e-02
8.739819911765959e-02
8.739819911765959e-02
1.497039635818368e-02
1.497039635818368e-02
1.497039635818368e-02
1.497039635818368e-02
1.497039635818368e-02
1.497039635818368e-02
1.497039635818368e-02
1.497039635818368e-02
1.497039635818368e-02
1.497039635818368e-02
1.497039635818368e-02
1.497039635818368e-02
1.497039635818368e-02
1.497039635818368e-02
1.497039635818368e-02
1.497039635818368e-02
1.497039635818368e-02
1.497039635818368e-02
1.497039635818368e-02
1.497039635818368e-02
1.497039635818368e-02
1.497039635818368e-02
1.497039635818368e-02
1.497039635818368e-02
1.497039635818368e-02
