0.000000000000000e+00
4.344799253158271e-02
4.244054388254880e-02
4.278404009528457e-02
4.156386503018437e-02
4.203071841038764e-02
4.135943506844341e-02
4.280294547788797e-02
3.958421479910612e-02
4.075090633705258e-02
4.125192319042979e-02
4.304168117232620e-02
4.156690393574536e-02
4.131441749632358e-02
4.205107665620744e-02
3.961407719179987e-02
3.987744497135282e-02
4.176327353343368e-02
4.115259577520192e-02
4.221104597672819e-02
4.196111718192697e-02
4.268253943882882e-02
4.152270057238638e-02
4.117773030884563e-02
4.031683620996773e-02
4.225784027948975e-02
4.263923503458499e-02
4.165083100087939e-02
4.152702586725354e-02
4.240917717106639e-02
4.149097064509987e-02
4.206638317555189e-02
4.095966764725745e-02
3.962923237122594e-02
4.290238488465548e-02
4.251705831848085e-02
4.088850459083913e-02
4.022378637455403e-02
4.105647071264684e-02
4.163100849837065e-02
4.149814113043247e-02
4.103672085329890e-02
4.181603970937429e-02
4.317391593940555e-02
4.160587699152529e-02
4.268310242332517e-02
4.181634238921105e-02
4.287109384313225e-02
4.177662776783109e-02
3.991222893819212e-02
4.208100866526365e-02
4.234194592572748e-02
4.134972509928046e-02
4.129323898814618e-02
4.087010468356311e-02
4.184535727836191e-02
4.253992275334893e-02
4.230990121141076e-02
4.190202802419662e-02
4.197306395508348e-02
4.146820609457790e-02
4.222431546077132e-02
3.991856402717529e-02
4.082727548666298e-02
4.051093873567879e-02
4.005754552781581e-02
4.232320096343754e-02
4.148940881714224e-02
4.138578032143414e-02
4.134370479732751e-02
4.190467344596981e-02
4.234477295540273e-02
4.233393399044871e-02
4.109236248768866e-02
4.121213895268738e-02
4.095634724944829e-02
4.377504414878785e-02
4.162723408080637e-02
4.226825549267232e-02
4.150457307696341e-02
4.158862424083053e-02
4.152104491367935e-02
4.211459099315107e-02
4.145993082784116e-02
4.369676508940756e-02
4.075965378433465e-02
4.201690107583999e-02
4.141742852516472e-02
4.041663277894258e-02
4.085749504156411e-02
4.217252996750175e-02
4.157458595000207e-02
4.146212828345596e-02
4.261113121174274e-02
4.072719742543995e-02
4.248935705982148e-02
4.083250579424202e-02
4.145555710420012e-02
4.220663290470837e-02
4.112551501020789e-02
4.169887839816510e-02
0.000000000000000e+00
0.000000000000000e+00
0.000000000000000e+00
0.000000000000000e+00
0.000000000000000e+00
0.000000000000000e+00
0.000000000000000e+00
0.000000000000000e+00
0.000000000000000e+00
0.000000000000000e+00
0.000000000000000e+00
0.000000000000000e+00
0.000000000000000e+00
0.000000000000000e+00
0.000000000000000e+00
0.000000000000000e+00
0.000000000000000e+00
0.000000000000000e+00
0.000000000000000e+00
0.000000000000000e+00
0.000000000000000e+00
0.000000000000000e+00
0.000000000000000e+00
0.000000000000000e+00
0.000000000000000e+00
6.465763133019208e-02
6.452430086210369e-02
6.403833022341131e-02
6.472347630187868e-02
6.430539675056933e-02
6.422229902818798e-02
6.429058359935878e-02
6.471178680658339e-02
6.440597726032136e-02
6.471318518742918e-02
6.390088330954313e-02
6.470351759344338e-02
6.441046902909874e-02
6.436681654304266e-02
6.463351380079983e-02
6.441734591498971e-02
6.444567069411278e-02
6.364785507321356e-02
6.436651991680264e-02
6.447287555783986e-02
6.469281483441591e-02
6.425647763535379e-02
6.451448192819950e-02
6.473124306648968e-02
6.484825909137723e-02
