0.000000000000000e+00
1.299881771401491e-02
1.302994356138363e-02
1.293371425310324e-02
1.283891302017236e-02
1.269695041815237e-02
1.275046243695185e-02
1.276355708515108e-02
1.280913747403115e-02
1.238156879537507e-02
1.253809353341558e-02
1.260639917359135e-02
1.277556906004734e-02
1.266169666686962e-02
1.249715269914922e-02
1.255306206824463e-02
1.250999214278522e-02
1.259772697854547e-02
1.266918501681723e-02
1.268460580126675e-02
1.279917516021191e-02
1.291543121313692e-02
1.266882018086396e-02
1.251245592980516e-02
1.266655875748019e-02
1.250213502593760e-02
1.280965675142681e-02
1.275908878087476e-02
1.266449972101932e-02
1.250822552755029e-02
1.277987215252866e-02
1.252021981846024e-02
1.268984676751709e-02
1.260166915810562e-02
1.263471591565810e-02
1.254031234333271e-02
1.270382913896396e-02
1.272967561318081e-02
1.265710950495529e-02
1.268732730282471e-02
1.255520865682097e-02
1.279400659526321e-02
1.273551222523760e-02
1.282368902476580e-02
1.266011345794602e-02
1.275928843699070e-02
1.274070787175074e-02
1.267255130305558e-02
1.279680517006170e-02
1.261791482696530e-02
1.264388485183876e-02
1.498063828134492e-02
1.507923009940791e-02
1.489090625475737e-02
1.491144093573053e-02
1.475437885715372e-02
1.481569759517297e-02
1.487301692561216e-02
1.518095990584268e-02
1.484115235950015e-02
1.492984781331011e-02
1.475918286201567e-02
1.494834114144188e-02
1.490360648537648e-02
1.484726570727433e-02
1.451306216170593e-02
1.465822412908198e-02
1.452591404775930e-02
1.472882041029159e-02
1.487274166565831e-02
1.480518614348626e-02
1.488913922505719e-02
1.471014901684513e-02
1.466037314062283e-02
1.476332036815632e-02
1.483552448628984e-02
1.072227050211998e-02
1.065034650352724e-02
1.056021335977733e-02
1.062181768872365e-02
1.055440446757684e-02
1.055500956075152e-02
1.059072761729298e-02
1.075515866381126e-02
1.046501846813140e-02
1.058741624792994e-02
1.062091007144077e-02
1.050556633591308e-02
1.065334150106790e-02
1.057068084444322e-02
1.049313196335769e-02
1.052291429879114e-02
1.046923746931878e-02
1.062221747917200e-02
1.050888476941357e-02
1.050584339068176e-02
1.066207281066275e-02
1.054465917093897e-02
1.061811137348842e-02
1.065220038561151e-02
1.065314360600431e-02
0.000000000000000e+00
0.000000000000000e+00
0.000000000000000e+00
0.000000000000000e+00
0.000000000000000e+00
0.000000000000000e+00
0.000000000000000e+00
0.000000000000000e+00
0.000000000000000e+00
0.000000000000000e+00
0.000000000000000e+00
0.000000000000000e+00
0.000000000000000e+00
0.000000000000000e+00
0.000000000000000e+00
0.000000000000000e+00
0.000000000000000e+00
0.000000000000000e+00
0.000000000000000e+00
0.000000000000000e+00
0.000000000000000e+00
0.000000000000000e+00
0.000000000000000e+00
0.000000000000000e+00
0.000000000000000e+00
1.955884769798356e-02
1.957470835447416e-02
1.956206496340111e-02
1.952555496339731e-02
1.962682395003958e-02
1.956247217337149e-02
1.955091273204952e-02
1.955875635629611e-02
1.954625380975420e-02
1.951772939337370e-02
1.956400660541593e-02
1.951110702158472e-02
1.954621910047083e-02
1.952387389787243e-02
1.958889145480351e-02
1.951323074612377e-02
1.952233608646199e-02
1.963113653870239e-02
1.957762325562993e-02
1.955588635620873e-02
1.953797866483219e-02
1.957906265421335e-02
1.951833347648909e-02
1.952419842846070e-02
1.959889602471254e-02
