0.000000000000000e+00
1.504304576335129e-01
1.504304576335129e-01
1.504304576335129e-01
1.504304576335129e-01
1.504304576335129e-01
1.504304576335129e-01
1.504304576335129e-01
1.504304576335129e-01
1.504304576335129e-01
1.504304576335129e-01
1.504304576335129e-01
1.504304576335129e-01
1.504304576335129e-01
1.504304576335129e-01
1.504304576335129e-01
1.504304576335129e-01
1.504304576335129e-01
1.504304576335129e-01
1.504304576335129e-01
1.504304576335129e-01
1.504304576335129e-01
1.504304576335129e-01
1.504304576335129e-01
1.504304576335129e-01
1.504304576335129e-01
1.504304576333299e-01
1.504304576333299e-01
1.504304576333299e-01
1.504304576333299e-01
1.504304576333299e-01
1.504304576333299e-01
1.504304576333299e-01
1.504304576333299e-01
1.504304576333299e-01
1.504304576333299e-01
1.504304576333299e-01
1.504304576333299e-01
1.504304576333299e-01
1.504304576333299e-01
1.504304576333299e-01
1.504304576333299e-01
1.504304576333299e-01
1.504304576333299e-01
1.504304576333299e-01
1.504304576333299e-01
1.504304576333299e-01
1.504304576333299e-01
1.504304576333299e-01
1.504304576333299e-01
1.504304576333299e-01
5.395786894662949e-01
5.395786894662949e-01
5.395786894662949e-01
5.395786894662949e-01
5.395786894662949e-01
5.395786894662949e-01
5.395786894662949e-01
5.395786894662949e-01
5.395786894662949e-01
5.395786894662949e-01
5.395786894662949e-01
5.395786894662949e-01
5.395786894662949e-01
5.395786894662949e-01
5.395786894662949e-01
5.395786894662949e-01
5.395786894662949e-01
5.395786894662949e-01
5.395786894662949e-01
5.395786894662949e-01
5.395786894662949e-01
5.395786894662949e-01
5.395786894662949e-01
5.395786894662949e-01
5.395786894662949e-01
0.000000000000000e+00
0.000000000000000e+00
0.000000000000000e+00
0.000000000000000e+00
0.000000000000000e+00
0.000000000000000e+00
0.000000000000000e+00
0.000000000000000e+00
0.000000000000000e+00
0.000000000000000e+00
0.000000000000000e+00
0.000000000000000e+00
0.000000000000000e+00
0.000000000000000e+00
0.000000000000000e+00
0.000000000000000e+00
0.000000000000000e+00
0.000000000000000e+00
0.000000000000000e+00
0.000000000000000e+00
0.000000000000000e+00
0.000000000000000e+00
0.000000000000000e+00
0.000000000000000e+00
0.000000000000000e+00
9.643002544450396e-02
9.643002544450396e-02
9.643002544450396e-02
9.643002544450396e-02
9.643002544450396e-02
9.643002544450396e-02
9.643002544450396e-02
9.643002544450396e-02
9.643002544450396e-02
9.643002544450396e-02
9.643002544450396e-02
9.643002544450396e-02
9.643002544450396e-02
9.643002544450396e-02
9.643002544450396e-02
9.643002544450396e-02
9.643002544450396e-02
9.643002544450396e-02
9.643002544450396e-02
9.643002544450396e-02
9.643002544450396e-02
9.643002544450396e-02
9.643002544450396e-02
9.643002544450396e-02
9.643002544450396e-02
1.651745363529202e-02
1.651745363529202e-02
1.651745363529202e-02
1.651745363529202e-02
1.651745363529202e-02
1.651745363529202e-02
1.651745363529202e-02
1.651745363529202e-02
1.651745363529202e-02
1.651745363529202e-02
1.651745363529202e-02
1.651745363529202e-02
1.651745363529202e-02
1.651745363529202e-02
1.651745363529202e-02
1.651745363529202e-02
1.651745363529202e-02
1.651745363529202e-02
1.651745363529202e-02
1.651745363529202e-02
1.651745363529202e-02
1.651745363529202e-02
1.651745363529202e-02
1.651745363529202e-02
1.651745363529202e-02
