0.000000000000000e+00
1.973747137928632e-02
1.996004910125859e-02
1.946570761495502e-02
1.958832494458552e-02
1.971901276226260e-02
1.969968119528390e-02
1.969342471611019e-02
1.997906584294671e-02
1.917450634615823e-02
1.941902885767145e-02
1.966653877369210e-02
1.983819236394593e-02
1.974374322359788e-02
1.967957620801562e-02
1.986589084577904e-02
1.961649367292716e-02
1.970210200019418e-02
1.974608287882905e-02
1.947247513717957e-02
1.977973084642452e-02
1.967152393560178e-02
1.966745356801814e-02
1.961988817642743e-02
1.994313891203153e-02
1.952935780748866e-02
1.938592092205246e-02
1.979931113880116e-02
1.923695719080267e-02
1.974059845736450e-02
1.960114206267627e-02
1.977348507690775e-02
1.956494669537837e-02
1.973902172219357e-02
1.962382065347064e-02
1.958890415776228e-02
1.964583081971781e-02
1.981282648630882e-02
1.963282492534614e-02
1.974322954434761e-02
1.944355021220048e-02
1.953813571700277e-02
1.963894682747170e-02
1.975375229367960e-02
1.948709525340713e-02
1.950696422553111e-02
1.972920624609673e-02
1.958827132969487e-02
1.945791331600020e-02
1.965069959385376e-02
1.975622732699647e-02
2.311308368917842e-02
2.301289090817445e-02
2.291595454103416e-02
2.306951357217438e-02
2.254196657710981e-02
2.349346749138326e-02
2.305834218886757e-02
2.296984207285653e-02
2.306766196576437e-02
2.278398433731845e-02
2.314430543050866e-02
2.295283002372850e-02
2.349259630014736e-02
2.329001663226088e-02
2.300315402881486e-02
2.281265754191412e-02
2.342896495633524e-02
2.304939547047456e-02
2.314353049793220e-02
2.310609971426507e-02
2.323560655030748e-02
2.259268394164391e-02
2.294437421440391e-02
2.315586931463573e-02
2.298389051607373e-02
1.651791959035058e-02
1.625837610250600e-02
1.651784424910439e-02
1.640538967398745e-02
1.615425869187327e-02
1.616514548356343e-02
1.644600182113229e-02
1.626949480905929e-02
1.640444185988299e-02
1.669692713487059e-02
1.624619975903809e-02
1.660695861992325e-02
1.637275277641086e-02
1.653679642859428e-02
1.617485785919873e-02
1.651955153368382e-02
1.659595062997378e-02
1.634667462809534e-02
1.635786690806966e-02
1.628395008691861e-02
1.660262230075399e-02
1.647829316828264e-02
1.633688345024161e-02
1.651279211873670e-02
1.637085353038214e-02
0.000000000000000e+00
0.000000000000000e+00
0.000000000000000e+00
0.000000000000000e+00
0.000000000000000e+00
0.000000000000000e+00
0.000000000000000e+00
0.000000000000000e+00
0.000000000000000e+00
0.000000000000000e+00
0.000000000000000e+00
0.000000000000000e+00
0.000000000000000e+00
0.000000000000000e+00
0.000000000000000e+00
0.000000000000000e+00
0.000000000000000e+00
0.000000000000000e+00
0.000000000000000e+00
0.000000000000000e+00
0.000000000000000e+00
0.000000000000000e+00
0.000000000000000e+00
0.000000000000000e+00
0.000000000000000e+00
3.022579670415639e-02
3.028026034715291e-02
3.016682534595356e-02
3.023763686977836e-02
3.024259290517485e-02
3.022465891048421e-02
3.027753732978508e-02
3.014646628149614e-02
3.023142164753704e-02
3.018212831680304e-02
3.026792218013452e-02
3.019796444571845e-02
3.021298498654720e-02
3.027176554136988e-02
3.020448325906626e-02
3.022120008766000e-02
3.020646908946640e-02
3.021190582553255e-02
3.019943226348409e-02
3.011796873481364e-02
3.022150599477304e-02
3.027550844388551e-02
3.015284269633993e-02
3.021702723609386e-02
3.015959460788572e-02
