0.000000000000000e+00
5.402816947025711e-02
5.465610316605306e-02
5.433219681435730e-02
5.366222991142421e-02
5.128434582729822e-02
5.386063821788411e-02
5.527872293896506e-02
5.333902925485744e-02
5.200285530008840e-02
5.319180505466645e-02
5.396930369897743e-02
5.438048487121703e-02
5.238282006757797e-02
5.459918480482882e-02
5.406487718573770e-02
5.388040153775363e-02
5.257655458990483e-02
5.257863696897401e-02
5.292583511618430e-02
5.354753709980284e-02
5.297971089021301e-02
5.451644879940429e-02
5.326231286744584e-02
5.359392787795512e-02
5.320499731169545e-02
5.108693629154001e-02
5.417159525677560e-02
5.352748456061815e-02
5.407414377259555e-02
5.395578751631545e-02
5.381706250773276e-02
5.311317596351726e-02
5.264985047688241e-02
5.290786495606879e-02
5.342780415958257e-02
5.291647597914560e-02
5.449085481814107e-02
5.504355678567661e-02
5.237366531218866e-02
5.319423064065629e-02
5.341758893337099e-02
5.386698176153002e-02
5.174775615159886e-02
5.256443437247070e-02
5.376959968998560e-02
5.367903548176399e-02
5.249547677522057e-02
5.307853520207571e-02
5.228113441262392e-02
5.268004111712796e-02
5.418027183623050e-02
5.305201571900395e-02
5.401963942858854e-02
5.480387109855653e-02
5.175016245630102e-02
5.271093359624499e-02
5.333704328222664e-02
5.317594812368040e-02
5.561258614761753e-02
5.371571234718429e-02
5.403658382419961e-02
5.397063025156966e-02
5.285951905534601e-02
5.393788291257803e-02
5.270249224849974e-02
5.235529410128945e-02
5.363249816582536e-02
5.302416197082491e-02
5.304974823957307e-02
5.073276988696305e-02
5.205916822887955e-02
5.534553645702543e-02
5.317342998750971e-02
5.400853340688624e-02
5.413780672824941e-02
5.352381340344434e-02
5.339086892490739e-02
5.178230821911708e-02
5.443687878141643e-02
5.258752949885089e-02
5.413378850789739e-02
5.169424672203602e-02
5.399884648795703e-02
5.268708264338782e-02
5.388485551520714e-02
5.614437563053796e-02
5.369102844269943e-02
5.392747872974720e-02
5.259926409053148e-02
5.374722182750701e-02
5.269415887596549e-02
5.335658679541664e-02
5.467796043376438e-02
5.330350155418271e-02
5.269373083137905e-02
5.323179830156730e-02
5.393808343796988e-02
5.270776375255080e-02
5.286828432872424e-02
5.185900532524099e-02
0.000000000000000e+00
0.000000000000000e+00
0.000000000000000e+00
0.000000000000000e+00
0.000000000000000e+00
0.000000000000000e+00
0.000000000000000e+00
0.000000000000000e+00
0.000000000000000e+00
0.000000000000000e+00
0.000000000000000e+00
0.000000000000000e+00
0.000000000000000e+00
0.000000000000000e+00
0.000000000000000e+00
0.000000000000000e+00
0.000000000000000e+00
0.000000000000000e+00
0.000000000000000e+00
0.000000000000000e+00
0.000000000000000e+00
0.000000000000000e+00
0.000000000000000e+00
0.000000000000000e+00
0.000000000000000e+00
8.240167560870755e-02
8.176715928129848e-02
8.224657693062905e-02
8.195144211640576e-02
8.239591435994947e-02
8.202420969610097e-02
8.176986637408844e-02
8.267361889011222e-02
8.263370662461962e-02
8.191285640350539e-02
8.206599610275583e-02
8.259858383098613e-02
8.223533208365547e-02
8.201540200388986e-02
8.211256426875477e-02
8.179516342352142e-02
8.209905194235030e-02
8.242981857620175e-02
8.196031150873746e-02
8.220824573072601e-02
8.178924792446192e-02
8.150355322868559e-02
8.240867085987698e-02
8.168890039087268e-02
8.252907864516597e-02
