0.000000000000000e+00
5.313357170962262e-02
5.352755397325380e-02
5.441718101792500e-02
5.301302124280480e-02
5.313754365488419e-02
5.198231301619669e-02
5.255528347333891e-02
5.367635152651926e-02
5.200924511882474e-02
5.416992935352025e-02
5.491151852766051e-02
5.164856935152783e-02
5.251226306427267e-02
5.154603531991595e-02
5.165768168808426e-02
5.368009980884379e-02
5.351099520339628e-02
5.130839730554724e-02
5.323444369423666e-02
5.348791550204623e-02
5.300421355059369e-02
5.313383779139255e-02
5.276654468616469e-02
5.488687318575101e-02
5.275096154946367e-02
5.372191320930141e-02
5.430130047898272e-02
5.374906126235144e-02
5.285310609906444e-02
5.409410376159936e-02
5.382566581829450e-02
5.243575491476802e-02
5.407384298450777e-02
5.359177608625029e-02
5.417817403213119e-02
5.398924826295113e-02
5.180892410862724e-02
5.239682213868944e-02
5.456542712636289e-02
5.372973369958342e-02
5.311337263265158e-02
5.355959947337394e-02
5.316122493240981e-02
5.300567892845717e-02
5.141257795912677e-02
5.318703486409501e-02
5.295754512189885e-02
5.261065547529139e-02
5.137582782481330e-02
5.419610948592888e-02
5.404230265412477e-02
5.457300467242018e-02
5.224931257544083e-02
5.407618758908937e-02
5.169594733160918e-02
5.345684949134008e-02
5.232884017459580e-02
5.274186463793738e-02
5.407203439972361e-02
5.460475709696763e-02
5.391279410105196e-02
5.099323308968449e-02
5.482969259901435e-02
5.368988699046893e-02
5.334137385943903e-02
5.368481215555219e-02
5.251536735158877e-02
5.419183675257953e-02
5.501734194695015e-02
5.459205072838811e-02
5.516520242963450e-02
5.437417217763139e-02
5.338723633030894e-02
5.485294583195353e-02
5.446897055662700e-02
5.471726341056635e-02
5.448009971587452e-02
5.240687154582700e-02
5.293800546496638e-02
5.336846021236848e-02
5.209475377341730e-02
5.192391385207882e-02
5.155895763891747e-02
5.354271292162591e-02
5.215669298195279e-02
5.409783276263623e-02
5.533520554308777e-02
5.203535583859774e-02
5.319009287632068e-02
5.218759317358489e-02
5.289345412165856e-02
5.197429200052282e-02
5.379852547775952e-02
5.324188241502267e-02
5.307722793077117e-02
5.572452559135852e-02
5.369329206587278e-02
5.242068851657675e-02
5.352932785172012e-02
5.345753590518140e-02
0.000000000000000e+00
0.000000000000000e+00
0.000000000000000e+00
0.000000000000000e+00
0.000000000000000e+00
0.000000000000000e+00
0.000000000000000e+00
0.000000000000000e+00
0.000000000000000e+00
0.000000000000000e+00
0.000000000000000e+00
0.000000000000000e+00
0.000000000000000e+00
0.000000000000000e+00
0.000000000000000e+00
0.000000000000000e+00
0.000000000000000e+00
0.000000000000000e+00
0.000000000000000e+00
0.000000000000000e+00
0.000000000000000e+00
0.000000000000000e+00
0.000000000000000e+00
0.000000000000000e+00
0.000000000000000e+00
8.211477776058015e-02
8.194890469894739e-02
8.257752095232714e-02
8.214180241338905e-02
8.208027968066740e-02
8.264650168712245e-02
8.275574946310367e-02
8.215933296014551e-02
8.235465240431944e-02
8.227328537032005e-02
8.222256015869785e-02
8.274845342384649e-02
8.172582020051773e-02
8.205375634133812e-02
8.200141150155101e-02
8.133420182275580e-02
8.213974317186509e-02
8.296293075545685e-02
8.264269941719245e-02
8.173037829692473e-02
8.261663111625234e-02
8.228482329286632e-02
8.158157303114418e-02
8.186171471606936e-02
8.191473054466766e-02
