0.000000000000000e+00
1.968183371616998e-02
1.945233231093448e-02
1.993672746969600e-02
1.955019046976100e-02
1.944003405618170e-02
1.933896533792613e-02
1.944935587683745e-02
1.952415649676509e-02
1.962466257774249e-02
1.983435808394280e-02
1.967240676583357e-02
1.921180289440724e-02
1.917737845951302e-02
1.958484431286969e-02
1.946906518084950e-02
1.960241480520301e-02
1.950435480080322e-02
1.958684723700652e-02
1.950522424656265e-02
1.957130532008735e-02
1.950453287067811e-02
1.970525281880282e-02
1.978409433983467e-02
1.979184378177890e-02
1.973170658576623e-02
1.961773284254283e-02
1.994281711333984e-02
1.957636229391562e-02
1.975681143809685e-02
1.951149577661850e-02
1.971694438658137e-02
1.976855774560681e-02
1.973800513800317e-02
1.981905658724763e-02
1.980815795936619e-02
1.953851265877547e-02
1.963002833895352e-02
1.963122587956793e-02
1.967288927579212e-02
1.960647193388685e-02
1.980688817213759e-02
1.929421133275577e-02
1.939601615064140e-02
1.954455160302378e-02
1.920046026823363e-02
1.966050404953925e-02
1.922253899408176e-02
1.936408622938149e-02
1.982565775561718e-02
1.953821924755443e-02
2.314629754927145e-02
2.273700975316239e-02
2.270943047418240e-02
2.287166196221824e-02
2.278751979325173e-02
2.317820498188171e-02
2.303637040305312e-02
2.341780229763001e-02
2.274468939035916e-02
2.324592295286919e-02
2.284579424942123e-02
2.311822224131092e-02
2.293279140738869e-02
2.298142116997252e-02
2.280022698634477e-02
2.300612085989525e-02
2.331232377754847e-02
2.359789132030934e-02
2.309688042112316e-02
2.348870136052428e-02
2.329906681633984e-02
2.337730024806566e-02
2.318068421512576e-02
2.329145457088234e-02
2.330821232184008e-02
1.636158432736081e-02
1.638594646571271e-02
1.622636474013175e-02
1.628076722498654e-02
1.607690613453070e-02
1.630558868992463e-02
1.630068724968780e-02
1.633125449442403e-02
1.634248582065913e-02
1.647461624806919e-02
1.662822572025987e-02
1.617591373106757e-02
1.630089702997402e-02
1.642929435747348e-02
1.645625980121838e-02
1.634564156339138e-02
1.641987806238778e-02
1.651278254542451e-02
1.633142998125832e-02
1.635783025098713e-02
1.636213279641566e-02
1.631248377102217e-02
1.623397363133686e-02
1.631076648271214e-02
1.630328311317457e-02
0.000000000000000e+00
0.000000000000000e+00
0.000000000000000e+00
0.000000000000000e+00
0.000000000000000e+00
0.000000000000000e+00
0.000000000000000e+00
0.000000000000000e+00
0.000000000000000e+00
0.000000000000000e+00
0.000000000000000e+00
0.000000000000000e+00
0.000000000000000e+00
0.000000000000000e+00
0.000000000000000e+00
0.000000000000000e+00
0.000000000000000e+00
0.000000000000000e+00
0.000000000000000e+00
0.000000000000000e+00
0.000000000000000e+00
0.000000000000000e+00
0.000000000000000e+00
0.000000000000000e+00
0.000000000000000e+00
3.025743882591951e-02
3.019328887163308e-02
3.008095826651818e-02
3.016729562654502e-02
3.021560860678585e-02
3.016695975280499e-02
3.029105267336259e-02
3.020325867610958e-02
3.015715505835181e-02
3.030754095412748e-02
3.018904387181011e-02
3.031239121171965e-02
3.031377259616328e-02
3.019990802800419e-02
3.022848530972862e-02
3.024867322168266e-02
3.019172114622764e-02
3.018126952535867e-02
3.011648635402514e-02
3.018781711149908e-02
3.023290101521546e-02
3.014584287214150e-02
3.016527984549155e-02
3.019307479782190e-02
3.027833778326181e-02
